[128 104 104 ...  58  51  64][[[128 104 104]
  [128 104 104]
  [129 105 105]
  ...
  [120  98 100]
  [121  99 101]
  [123 101 103]]

 [[129 105 105]
  [129 105 105]
  [130 106 106]
  ...
  [121  99 101]
  [122 100 102]
  [123 101 103]]

 [[129 105 105]
  [129 105 105]
  [129 105 105]
  ...
  [121  99 101]
  [122 100 102]
  [122 100 102]]

 ...

 [[ 72  86 139]
  [ 71  85 138]
  [ 72  86 139]
  ...
  [ 52  49  64]
  [ 56  49  62]
  [ 57  50  63]]

 [[ 72  85 141]
  [ 71  84 140]
  [ 71  84 140]
  ...
  [ 51  48  63]
  [ 54  47  60]
  [ 56  49  62]]

 [[ 69  82 138]
  [ 70  83 139]
  [ 70  83 139]
  ...
  [ 51  48  63]
  [ 54  47  62]
  [ 58  51  64]]]